00000000000000000000
00000000000000000000
00000000000000000000
00000000000000000000
00000000000000000000
00000000000000000000 
00000000000000000000
00000000000000000000
00000000000000000000
00000000000000000000 
00000000000000000000
00000000000000000000 
00000000000000000000
00000000000000000000
00040000000000000000
00400000000000000000
04000000000000000000
40000000000000000000
00000000000000000000
00000000000000000000
00000000000000000000
00000000000000000000
00000000000000000000
00000000000000000000
00030000000000000000 
00300000000000000000
03000000000000000000
30000000000000000000
00000000000000000000
00000000000000000000
00000000000000000000
00000000000000000000
00000000000000000000
00000000000000000000
00020000000000000000
00200000000000000000
02000000000000000000
20000000000000000000
00000000000000000000
00000000000000000000
00000000000000000000
00000000000000000000
00000000000000000000
00000000000000000000
10000000000000000000
01000000000000000000
00100000000000000000
00010000000000000000
00000000000000000000
00000000000000000000
00000000000000000000
00000000000000000000
00000000000000000000
00000000000000000000
00000000000000000000
11000000000000000011
00000000000000000000
00000000000000000000
00000000000000000000
00000000000000000000
00000000000000000000
00000000110000000000
00000000000000000000
00000000000000000000
00000000000000000000
00000000000000000000
00001100000000000000
00000000000000000000
00000000000000000000
00000000000000000000
00000000000000000000
00000000000000000000
00000000000000110000
00000000000000000000
00000000000000000000
00000000000000000000
00000000000000000000
00000000000000000001
00000000000000000000
01000000000000000000
00000000000000000000
00010000000000000000
00000000000000000000
00000100000000000000
00000000000000000000
00000001000000000000
00000000000000000000
00000000010000000000
00000000000000000000
00000000000100000000
00000000000000000000
00000000000001000000
00000000000000000000
00000000000000010000
00000000000000000000
00000000000000000100
00000000000000000000
00000000000000000000
00000000000000000000
00000000000000000000
00000000000000000000
10000000000000000001
04000000000000000040
00100000000000000100
00030000000000003000
00000000000000000000
00000100000000100000
00000010000001000000
00000000000000000000
00000000000000000000
00000000022000000000
00000000000000000000
00000000000000000000
00000000000000000000
00000000000000000000
00000000000000000000
00000000000000000001
10000000000000000000
01000000000000000000
00100000000000000000
00010000000000000000
00001000000000000000
00000100000000000000
00000010000000000000
00000001000000000000
00000000100000000000
00000000010000000000
00000000001000000000
00000000000100000000
00000000000010000000
00000000000001000000
00000000000000100000
00000000000000010000
00000000000000001000
00000000000000000100
00000000000000000010
00000000000000000000
00000000000000000000
00000000000000000000
00000000000000000000
00000000000000000000
00000000000000000001
00000000000000000000
01000000000000000000
00400000000000000000
00010000000000000000
00004000000000000000
00000100000000000000
00000040000000000000
00000001000000000000
00000000400000000000
00000000010000000000
00000000004000000000
00000000000100000000
00000000000040000000
00000000000001000000
00000000000000400000
00000000000000010000
00000000000000004000
00000000000000000100
00000000000000000040
00000000000000000000
00000000000000000000
00000000000000000000
00000000000000000000
00000000000000000000
00000000000000000002
20000000000000000000
02000000000000000000
00200000000000000000
00020000000000000000
00002000000000000000
00000200000000000000
00000020000000000000
00000002000000000000
00000000200000000000
00000000020000000000
00000000002000000000
00000000000200000000
00000000000020000000
00000000000002000000
00000000000000200000
00000000000000020000
00000000000000002000
00000000000000000200
00000000000000000020
30000000000000000002
00000000000000000003
00000000000000000030
00000000000000000300
00000000000000003000
00000000000000030000
00000000000000300000
00000000000003000000
00000000000030000000
00000000000300000000
00000000003000000000
00000000030000000000
00000000300000000000
00000003000000000000
00000030000000000000
00000300000000000000
00003000000000000000
00030000000000000000
00300000000000000000
03000000000000000000
30000000000000000000
10000000000000000000
00000000000000000001
00000000000000000010
00000000000000000100
00000000000000001000
00000000000000010000
00000000000000100000
00000000000001000000
00000000000010000000
00000000000100000000
00000000001000000000
00000000010000000000
00000000100000000000
00000001000000000000
00000010000000000000
00000100000000000000
00001000000000000000
00010000000000000000
00100000000000000000
01000000000000000000
10000000000000000000
00000000000000000000
00000000000000000000
00000000000000000000
00000000000000000000
00000000000000000000
00000000044000000000
00000000100400000000
00000001000040000000
00000010000004000000
00000100000000400000
00001000000000040000
00010000000000004000
00100000000000000400
01000000000000000040
10000000000000000004
40000000000000000001
04000000000000000010
00400000000000000100
00040000000000001000
00004000000000010000
00000400000000100000
00000040000001000000
00000004000010000000
00000000400100000000
00000000044000000000
00000000000000000000
00000000000000000000
00000000000000000000
00000000000000000000
00000000000000000000
00000000000000000001
10000040000000000000
01000004000000000000
00100000400000000000
00010000000000000000
00001000000000000000
00000100000200000000
00000010000020000000
00000001000002000000
00000000100000000000
00000000010000000000
00000000001000003000
00000000000100000300
00000000000010000030
00000000000001000000
00000000000000100000
00000000000000010000
00000000000000001000
00000000000000000100
00000000000000000010
00000000000000000000
33300000000000000333
40000000000000000000
40000000000000000000
40000000000000000000
40000000000000000000
00000000000000000000
00000000000000000000
10000000000000000001
01000000000000000010
00100000000000000100
00010000000000000100
00001000000000001000
00000100000000010000
00000010000000010000
00000010000000010000
00000010000000010000
00000010000000001000
00000002222222220000
00000000000000000000
00000000000000000000
00000000000000000000
00000000000000000000
00000000000000000000
00000000000000000000
00000000000000000000
03333333333333333303
00000000000000000000
00000000000000000000
30333333333333333033
00000000000000000000
00000000000000000000
22022222222222220222
00000000000000000000
00000000000000000000
22202222222222202222
00000000000000000000
00000000000000000000
44440444444444044444
00000000000000000000
00000000000000000000
44444044444440444444
00000000000000000000
00000000000000000000
33333303333303333333
00000000000000000000
00000000000000000000
33333330333033333333
00000000000000000000
00000000000000000000
22222222020222222222
00000000000000000000
00000000000000000000
22222222202222222222
00000000000000000000
00000000000000000000
44444444400444444444
00000000000000000000
00000000000000000000
44444444044044444444
00000000000000000000
00000000000000000000
00000000000000000000
00000000000000000000
00000000000000000000
00000000000000000000
00000000000000000000
00000000000000000000
00000000000000000000
00000000000000000000
00000000000000000000
00000000000000000000
00000000000000000000
00000000000000000000
00000000000000000000
00000000000000000000
00000000000000000000
00000000000000000000
00000000000000000000
00000000000000000000
00000000000000000000
00000000000000000000
00000000000000000000
00000000000000000000
00000000000000000000
00000000000000000000
00000000000000000000
00000000000000000000
00000000000000000000
00000000000000000000
00000000000000000000
00000000000000000000
00000000000000000000
00000000000000000000
00000000000000000000
00000000000000000000
00000000000000000000
00000000000000000000
00000000000000000000
00000000000000000000
00000000000000000000
00000000000000000000
00000000000000000000
00000000000000000000
00000000000000000000
00000000000000000000
00000000000000000000
00000000000000000000
00000000000000000000
00000000000000000000
00000000000000000000
00000000000000000000
00000000000000000000
00000000000000000000
00000000000000000000
00000000000000000000
00000000000000000000
00000000000000000000
00000000000000000000
00000000000000000000
00000000000000000000
00000000000000000000
00000000000000000000
00000000000000000000
00000000000000000000
00000000000000000000
00000000000000000000
00000000000000000000
00000000000000000000
00000000000000000000
00000000000000000000
00000000000000000000
00000000000000000000
00000000000000000000
00000000000000000000
00000000000000000000
00000000000000000000
00000000000000000000
00000000000000000000
00000000000000000000
00000000000000000000
00000000000000000000
00000000000000000000
00000000000000000000
00000000000000000000
00000000000000000000
00000000000000000000
00000000000000000000
00000000000000000000
00000000000000000000
00000000000000000000
00000000000000000000
00000000000000000000
00000000000000000000