00000000000000000000
00000000000000000000
00000000000000000000
00000000000000000000
00000000000200000000
00000000000000000000
00000000000000000000
00020002000000200000
00000000000000000000
00000000000000000000
00002000000002000000
00000000000000002000
00000000000000000000
00200000000000000200
00000000000000000000
00000000200000000000
00000000000000000000
00000000000002000000
00000000000000000000
00000000000200000000
00000000002000000000
00000000000000000000
00020002000000200000
00000000000000000000
00000000000000000000
00002000000002000000
00000000002000000000
00000000000000000000
00200000000000000200
00000000000000000000
00000000000000000000
00000002000002000000
00000000000000000000
00000000000200000000
00000000000000000000
00000000000000000000
00020002000000200000
00000000000000000000
00000000000000000000
00002000000002000000
00000000000000000000
00000000000000000000
00200000000000000200
00000000000000000000
00000000000000000000
00000000000000000000
00000000000000000000
00000000000200000000
00000000000000000000
00000000000000000000
00020002000000200000
00000000000000000000
00000000000000000000
00002000000002000000
00000000000000000000
00000000000000000000
00200000000000000200
00000000000000000000
00000000000000000000
00000000000000000000
00000000000000000000
00000000000200000000
00000000000000000000
00000000000000000000
00020002000000200000
00000000000000000000
00000000000000000000
00002000000002000000
00000000000000000000
00000000000000000000
00200000000000000200
00000000000000000000
00000000000000000000
00000000000000000000
00000000000000000000
00000000000200000000
00000000000000000000
00000000000000000000
00020002000000200000
00000000000000000000
00000000000000000000
00002000000002000000
00000000000000000000
00000000000000000000
00200000000000000200
00000000000000000000
00000000000000000000
00000000000000000000
00000000000000000000
00000000000200000000
00000000000000000000
00000000000000000000
00020002000000200000
00000000000000000000
00000000000000000000
00002000000002000000
00000000000000000000
00000000000000000000
00200000000000000200
