00000000000000000000
00000000000000000000
00000000000000000000
00000000000000000000
00000000000300000000
00000000000000000000
00000000000000000000
00030003000000300000
00000000000000000000
00000000000000000000
00003000000003000000
00000000000000003000
00000000000000000000
00300000000000000300
00000000000000000000
00000000300000000000
00000000000000000000
00000000000003000000
00000000000000000000
00000000000300000000
00000000003000000000
00000000000000000000
00030003000000300000
00000000000000000000
00000000000000000000
00003000000003000000
00000000003000000000
00000000000000000000
00300000000000000300
00000000000000000000
00000000000000000000
00000003000003000000
00000000000000000000
00000000000300000000
00000000000000000000
00000000000000000000
00030003000000300000
00000000000000000000
00000000000000000000
00003000000003000000
00000000000000000000
00000000000000000000
00300000000000000300
00000000000000000000
00000000000000000000
00000000000000000000
00000000000000000000
00000000000300000000
00000000000000000000
00000000000000000000
00030003000000300000
00000000000000000000
00000000000000000000
00003000000003000000
00000000000000000000
00000000000000000000
00300000000000000300
00000000000000000000
00000000000000000000
00000000000000000000
00000000000000000000
00000000000300000000
00000000000000000000
00000000000000000000
00030003000000300000
00000000000000000000
00000000000000000000
00003000000003000000
00000000000000000000
00000000000000000000
00100000000000000300
00000000000000000000
00000000000000000000
00000000000000000000
00000000000000000000
00000000000100000000
00000000000000000000
00000000000000000000
00030003000000300000
00000000000000000000
00000000000000000000
00003000000003000000
00000000000000000000
00000000000000000000
00300000000000000300
00000000000000000000
00000000000000000000
00000000000000000000
00000000000000000000
00000000000300000000
00000000000000000000
00000000000000000000
00030003000000300000
00000000000000000000
00000000000000000000
00003000000003000000
00000000000000000000
00000000000000000000
00300000000000000300
